33 348.972500 0.01308 -9.08778 0.00544
09 2.096667 0.01292 29.09056 0.00553
16 31.792917 0.01408 23.46250 0.00472
51 44.565000 0.00946 -40.30472 0.00400
06 47.042083 0.01629 40.95583 0.00386
18 47.907083 0.01429 19.72667 0.00378
13 233.671667 0.01058 26.71472 -0.00336
42 240.082917 0.01479 -22.62167 -0.00283
46 247.351250 0.01533 -26.43194 -0.00222
37 257.593750 0.01433 -15.72778 -0.00125
50 263.401667 0.01696 -37.10389 -0.00072
24 263.732917 0.01158 12.56000 -0.00072
49 268.475000 0.01675 -34.81667 -0.00017
44 271.200000 0.01533 -24.33333 -0.00011
07 279.234167 0.00846 38.78361 0.00094
43 283.541667 0.01508 -22.74500 0.00122
45 283.815417 0.01550 -26.29667 0.00125
52 290.970833 0.01733 -40.61611 0.00189
26 297.695000 0.01221 8.86833 0.00264
36 305.252083 0.01404 -14.78139 0.00317
40 307.214167 0.01425 -17.81361 0.00331
41 324.269583 0.01400 -19.46611 0.00447
48 344.412083 0.01379 -29.62222 0.00531
11 345.942917 0.01213 28.08278 0.00542
